algo:dqn
0.04
600
[[3, 6], [2, 4], [2, 4, 8], [32, 48]]
accept_ratio:0.5814185814185814
rev_cost:0.6752067609056285
cum_rev:54547.57042957043

algo:dqn
0.08
600
[[3, 6], [2, 4], [2, 4, 8], [32, 48]]
accept_ratio:0.4225774225774226
rev_cost:0.7133603986972432
cum_rev:39355.782217782216

algo:dqn
0.12
600
[[3, 6], [2, 4], [2, 4, 8], [32, 48]]
accept_ratio:0.35064935064935066
rev_cost:0.7085790976130416
cum_rev:34050.6993006993

algo:dqn
0.16
600
[[3, 6], [2, 4], [2, 4, 8], [32, 48]]
accept_ratio:0.3106893106893107
rev_cost:0.7222108740639333
cum_rev:29998.637362637364

algo:dqn
0.2
600
[[3, 6], [2, 4], [2, 4, 8], [32, 48]]
accept_ratio:0.27672327672327673
rev_cost:0.7247602527338737
cum_rev:26719.89210789211

algo:dqn
0.04
500
[[3, 6], [2, 4], [2, 4, 8], [32, 48]]
accept_ratio:0.5934065934065934
rev_cost:0.669342482242392
cum_rev:56066.42357642358

algo:dqn
0.04
600
[[3, 6], [2, 4], [2, 4, 8], [32, 48]]
accept_ratio:0.5524475524475524
rev_cost:0.6724499744422684
cum_rev:52093.57242757243

algo:dqn
0.04
700
[[3, 6], [2, 4], [2, 4, 8], [32, 48]]
accept_ratio:0.5234765234765235
rev_cost:0.6728109598970698
cum_rev:50167.92807192807

algo:dqn
0.04
800
[[3, 6], [2, 4], [2, 4, 8], [32, 48]]
accept_ratio:0.5224775224775224
rev_cost:0.6968945940150574
cum_rev:49003.768231768234

algo:dqn
0.04
900
[[3, 6], [2, 4], [2, 4, 8], [32, 48]]
accept_ratio:0.4915084915084915
rev_cost:0.7024873767889233
cum_rev:47993.64035964036

algo:dqn
0.04
600
[[3, 6], [2, 4], [2, 4, 8], [32, 48]]
accept_ratio:0.5504495504495505
rev_cost:0.68669253140495
cum_rev:49948.28571428572

algo:dqn
0.04
600
[[3, 6], [4, 6], [4, 6, 10], [36, 52]]
accept_ratio:0.4435564435564436
rev_cost:0.6928835920537065
cum_rev:46002.38361638362

algo:dqn
0.04
600
[[3, 6], [6, 8], [6, 8, 12], [40, 56]]
accept_ratio:0.33166833166833165
rev_cost:0.6623992531523824
cum_rev:40030.845154845156

algo:dqn
0.04
600
[[3, 6], [8, 10], [8, 10, 14], [44, 60]]
accept_ratio:0.25874125874125875
rev_cost:0.6735610163987215
cum_rev:29822.197802197803

algo:dqn
0.04
600
[[3, 6], [10, 12], [10, 12, 16], [48, 64]]
accept_ratio:0.22777222777222778
rev_cost:0.7011072260126907
cum_rev:31363.296703296703

